Sref = 4.0
Cref = 0.9978977348147211
Bref = 4.024922359499621
X_cg = 8.109999999999999
Y_cg = 0.000000
Z_cg = 0.000000
Mach = 0.115
AoA  = 10.0
Beta = 0.000000
Vinf = 39.13395536582119
Rho  = 1.224990831236859
ReCref = 2673407.654876805
ClMax = -1.000000
MaxTurningAngle = -1.000000
Symmetry = No
FarDist = -1.000000
NumWakeNodes = 0
WakeIters = 1
NumberOfRotors = 0
NumberOfControlGroups = 0 
Preconditioner = Matrix 
Karman-Tsien Correction = N