Sref = 3.324843996259958
Cref = 0.5927983399276556
Bref = 5.713230252575196
X_cg = 7.492400872396844
Y_cg = 0.000000
Z_cg = 0.000000
Mach = 0.115
AoA  = 10.0
Beta = 0.000000
Vinf = 39.13395536582119
Rho  = 1.224990831236859
ReCref = 1588130.290780853
ClMax = -1.000000
MaxTurningAngle = -1.000000
Symmetry = No
FarDist = -1.000000
NumWakeNodes = 0
WakeIters = 1
NumberOfRotors = 0
NumberOfControlGroups = 0 
Preconditioner = Matrix 
Karman-Tsien Correction = N