Sref = 10.0
Cref = 1.080001336969211
Bref = 9.370165420097983
X_cg = 3.5
Y_cg = 0.000000
Z_cg = -0.150000
Mach = 0.115
AoA  = 10.0
Beta = 0.000000
Vinf = 39.13395536582119
Rho  = 1.224990831236859
ReCref = 2893366.465118544
ClMax = -1.000000
MaxTurningAngle = -1.000000
Symmetry = No
FarDist = -1.000000
NumWakeNodes = 4
WakeIters = 3
NumberOfRotors = 0
NumberOfControlGroups = 0 
Preconditioner = Matrix 
Karman-Tsien Correction = N